[Nmssx.

Suilli lV, 8, 1. 89
sulcanhnus Ι, 4, 35 ΙΙ, 10, 33
sunu«, tv, 11. -19

8111111, 2, 33. 31. 119. 129, 5, 32, 13,

Η, 7 ΙΙ, 3, 81, 5, 28, 7, 23. 30 111,
2, 173 -1, 91 [V. 1, 9. :15, 3, 11,17.
553 3, 5; 9, 9:33 11. 1. 5:;; 1.) 19
cs 11, 3. 50, 57, 6, 30. 31, 9,12. 57,
11),11.1·.).49 ΙΙΙ, 1,1‹›; 3, 32, 8,.·3
lv. 7, l: 13, 2 ost innumeris lo-
eis. sumus 1, 1, 77, 9, 6 ΙΙ, 2,119;
5, uc, 9, ως 11. 3 111,1,79; 1,11:3;
7, 18 lv, 9, 89. 124 estis Ι, 10,
39 ΙΙΙ, 2, 25 sunt 1, 3, 28, 6, 54,
8, 47, 10, 28 II,1.18.55;2,14.
18, 3, 57, 4, 5, 5, 14. 23. 37, 7, 45.
56; 8, 21, 9, 59. 68, 10, 17. 31 ΙΙΙ,
l, 17. 103, 3, 28, 4, 39. 67. 89, 5,
9, 8, 5 1V,‘.?., 8. 193 3, 35, 4, 14,
7,51;8,2;1;19,39.79;11,111;1;1,
20;14, 5. 55, 15, 7 sim Ι, 1, 65,
3, 92: 5, 33, 7, 68 ΙΙΙ, 9, 4 IV, 12,
49,14, 24, 15, 14 818 ΙΙ, 5, 39,
10, 7 ΙΙΙ, 1, 84. 146, 6, 57 IV. 3,
23 6, 35, 15,26 8111,1,14.17.
61, 2, 14. 59. 72. 99. 103. 128, 3,
26. 39. 46. 91. 93, 4, 17, 5, 68, 6,
21. 47, 7, 15. 36, 8, 70, 9, 28ς10,
20 ΙΙ, 2, 55. 94. 106, 3, 9. 17. 37.
38. 74. 79. 98, 5, 3. 24, 7, 4. 5, 8,
36. 64. 76, 9, 13. 66. 73, 11, 6,17
ΙΙΙ, 1, 37. 94. 98. 136, 141. 152, 2,
2. 4, 3. 63, 5, 46. 51. 52, 6, 7, 7,
6, 8, 16: 9,1 IV, 1, 8. 283 2, 32,
3, 31, 4,3;5, 13, 6, 19, 7, 173 8,
8. 46, 9, 87. 103,12, 14. 35, 13, 8
81111118 111, 6, 39 sitis lV, 5, 11
sint Ι, 2, 61. 75, 3,12; 6, 23, 10, 15
ΙΙ, 1, 54, 6, 16, 8, 38. 45 111,1,
45. 148. 165, 2, 23, 4. 33. 71, 9, 41
IV, 8, 19, 9, 83, 10, 65, 12, 37, 13,
17 eram 1. 7, 58 ΙΙ, 6, 10 ΙΙΙ, 3,
65 eras Ι, 6, 44, 7, 22 ΙΙ, 2, 102,
3, 32. 71 IV, 3. 6, 6, 9;13, 38
811111, 3, 72. 82, 4, 28. 37, 5. 7 ΙΙ,
4,16 ΙΙΙ, 1,106.111; 2, 92, 3, 5.
42. 98, 4, 42. 50, 7, 38, 8, 18, 9,
24. 44 IV, 2, 133 3, 5, 4, 13, 7, 24.
48, 10, 80, 14, 46, 16, 4, 46 erant
ΙΙΙ, 3, 8 essem Ι, 6, 11 IV, 9, 9.
15. 21, 14, 43. 45 88888 ΙΙΙ, 2, 1083
6, 3 IV, 9, 29 888811, 7, 41, 3,
72 ΙΙ, 3, 85, 4, 17 ΙΙΙ, 1, 53. 105.
110 IV, 1, 7: 2, 22, 9, 11. 14, 14,
31 essent lv. 16, 39 ero Ι, 1, 80
ΙΙ, 2, 44, 4, 34, 6, 4;10, 44 ΙΙΙ,2,
28, 6, 56 IV, 1, 22⁰, 6, 44, 8, 30
eris ΙΙ, 6, 34, 7, 28 ΙΙΙ, 1, 60. 77

2113

81·111,1, 61, 3, 14, 8, 74, 10, 10.
42 ΙΙ, 2, 61. 86. 11033, 16, 4, 26,
5, 31, 6, 19. 32, 8, 15. 63, 9,23
ΙΙΙ, 1, 3. 86. 133. 136: 2, 36, 4, 78,
1;,3·3.53; 7.19 1V.-1. 18.-21:313
5,111,τ,4.18;8,;11.71,9,58;11,
13 11, 8, 15, 4 eritis 11, 8, 99
erunt IV, 5, 21 osse 1, 1. 10, 2. 6.
34. 94. 116.12·2;:‘‚. 2. 8.:32.4s.1)7;
4, 2(); 5. 31. 71, 7, 6. 66, 9, 26. 46,
10,1.<‹ ΙΙ, 1, 44. 48, 2, 8. 19. 29.
48. 56. 025. 81. 104, 3, 12. 11. 91.
38. 49. 64. 74, 6, 24, 7, 1. 22. 35.
65, 8, 32. 42, 9. 14. 16. 48. 74. 803
11),19;11,16.18 ΙΙΙ. 1, 41133.
152, 2. 82. 106110, 3, 19. 38. 72.
96, 108, 4, 68. 80, 5, 28, 29. 54, 6,
8.10.38 IV, 1, 18, 2, 26, 3, 2. 8.
23. 24: 4, 34. 50, 5, 13. 36; 6, 2.
12. 26. 32. 38, 7. 22, 8, 14. 26, 9,
19. 89. 100. 106, 10, 21. 39. 79. 74.
78, 11, 14.22;12.32.36, 13, 4. 6.
12. 14. 27. 29. 31. 48. 50, 15, 33
11111, 7, 16. 42 ΙΙΙ, 5, 23 lv, 3, 19
fuisti 1V, 12, 23 fuit 1, 1, 36. 94,
4, 36, 6, 2.12; 7, 32. 56, 9. 16. 25.
38, 10, 26 ΙΙ, 1, 4. 44, 2, 6, 3, 62.
70. 76. 78, 4, 12. 223 7, 52. 60, 8,
14, 10, 37, 11, 15 111,1‚59.95;
2. 60. 69. 88, 3, 4. 24. 76, 4,12. 83,
6, 30, 7, 26. 32, 9, 45. 52. 56 IV,
1, 23, 2, 14: 3. 18. 46, 8, 16. 54, 9,
74, 10, 14. 18, 12, 17, 13, 36 fuere
ΙΙ, 10, 36 ΙΙΙ. 4, 20, 5, 12 IV, 10,
12, 13. 42 fuerim ΙῘ. 5. 7 fueris
lv, 9, 51. 63 fuerit 1. 7, 25 11. 8,
6. 48, 9, 10 ΙΙΙ, 1. 48, 143⁰ IV, 5,
46 1118111111, 9, 32 fueram lv, 6,
12 1·11‹›1·at11,3‚ 61, 11, 19 ΙΙΙ, 2,
53, 3, 37 IV, 3. 41, 9, 119, 14, 33
fuero IV, 6. 12 fuisset Ι, 2, 88
111, 4, 84 IV, 7, 13 fuisse 1, 2, 11,
6, 4, 7, 18, 9. 12 11. 1, 42. 52. 68,
2, 98, 4, 32 ΙΙΙ. 2, 51, 5, 10 lv,
13. 25 futurus (eras) 1, 6, 14 IV.
S, 70 futura Ι, 7, 42 11, 7, 31 IV,
13. 50 futurum (est) ΙΙ, 6, 33 fu-
turi IV, 1. 27 futura (n. pl. aec.)
1, 6, 32 111, 5, 39, τ, 22 15,-515.
39 11,1,3 111,1,155 112519
fores II. 3. 82 foret 1, 1, 33· 9, 18
ΙΙ, 9, 53 ΙΙΙ, 6. 4 IV, 9, 22. 23.
38,14, 62, 16. 5. 8 forent 11, 10,
10 IV. 16, 37

summa Ι, 8, 4 ΙΙ, 1, 46, 7. 29 IV,

1,4

summus summa IV, S. 70, 16. 2

summi IV, 3, 56, 4, 25 8111111110 (d)

