164

112.124.120.132. 137, 3, 7. 9. 36.
61. 63. 65. 80, 4, 3. 7. 11. 20. 32⁰.
52. 533 5. 7. 20. 22. 26. 29. 30. 36.
37. 40. 42. 50. 603 7, 14, 29. 30. 39.
46. 69: 8, 11. 14. 16. 23. 30. 38. 43.
55. 60. 61. 70. 72- 9, 8. 29. 51. 52.
53. 56, 10, 6. s. 11. 1'4. 3511, 1,11·.
39 bis. 46; ,6. 16. 23. 26. 47. 50.
90. 93. 97. 100. 110. 114. 115 113.
122; 3, 10. 14. 15. 17. 20. 34. 46.
48. 53. 57. 68. 71. 91, 4, 8.14.34;
5, 20 bis. 22. 38. 57. 60. 66. 72, 6,
4. 6. 15. 23. 24. 31. 36, 7, 4.12.22.
27. 37. 46. 49. 673 8, 9. 10. 30. 35
37. 42. 54. 62. 63. 66. 68. 73, 9. 12.
19. 20. 40. 45. 56, 19, 20. 25. 31.41.
48. 49 bis. 51; 11, 7. 21. 24 111,1,
15. 20. 25. 27. 36. 40. 42. 50. 60.
119. 126. 134, 2, 29. 33 bis. 38. 44.
69. 81. 88. 103, 3.5. 10. 12. 18. 26.

33. 40. 54. 67. 70. 84. 87. 93. 100;
4, 23. 27. 48, 74. 76. 100. 1031118.
108. 1113 5 3.16 19. 25. 41. 46;

6, 14.18.2·2.38, 7, 16. 22. 3;0 8.
‘³3 9, 4. 14.15.20.41ΙΥ, 1, 14. 210.
‘293 2 ,,20 22. 24. 363 3 27. 33bis.
36. 48. 50. 52. 54. 56. 59, 4,18.19.
24. 28. 30. 39. 48- 5 ,5 6. 11. 20.
42, 6. 20.3645; 7, 11. 12. 26; 8,
6. 12. 14. 30. 38. 52. 54 bis. 63;9
6. 7. 10, 19. 28. 39. 44. 46. 63. 65.
68. 73. 75. 82. 86. 102. 103. 125.
131, 10, 12. 39. 42. 44. 48. 49.50.
51. 52. 54. 56, 12, 9. 14. 16. 33 bis.
35 bis. 36. 38, 13, 4. 13. 19. 21. 34.
35 bis, 36, 14, 12. 18. 21. 27. 28.
33023 15, 13. 21. 29 bis. 38. 39. 42;
16, 3. 5. 7. 10. 12. 13. 24. 27. 30.
33. 39

etenim 111, 7, 13

etiam Ι, 2, 96; 7, 51; 10, 18 ΙΙ, 3, 2

7, 8. 76 ΙΙΙ, 1, 94. 159, 2, 35. 99;
4ῗό 151 85 ΙΥ,3, 93 7,14; 9, 38,

eueniat ΙΥ, 6, 35 eueniet ΙΙ, 1, 55
euentura (acc.) ),ΙΙΙ 4,113

euentus (g) ΙΙ, 2 ,32

euincere ΙΙΙ, 1, 31 611111611ΙΙΙ,2, 72

Eumol pusIl, 9, 19 ΙΙΙ, 3, 41 Eumolpi
ΙΙ, 9, 2 Eumolpo (abl.) ΙΙ, 9, 20

Euripi 1. 8, 38

euxini 11, 2, 2 euxinum (ace.) ΙΥ,
3, 51 euxino (abl.) II, 5, 9 ΙΥ, 6,
46 euxinis (abl.)11‚ 6. 2 ΙΙΙ, 2,
6ος 6, 2; 7, 40 ΙΥ, 9, 2 euxiuas
IV, 7, 1

exacuet I, 10, 13

exanguia 111, 3, 31

INDEX.

exarat ΙΙΙ, 2, 90

exaudi Il, 9, 5

6316·166611Υ,’·2 17

excels a II, ,82

excidit ΙΥ, 4, 22 exciderit 11, 10, S
excidere ΙΙ, 4,³ ..4

excisa ΙΙΙ, 1, 96

excipit ΙΥ, 10, 15 excipe I, 1, 4 ΙΙ,
9, 9 excipiet ΙΥ, 4, 35 excepit
11. 3, 84 excepta ΙΥ, 14, 47 ex-
cepto 1, 7, 6 ΙΙΙ, 1, 128 IV, 14, 3
exeeptis Ι, 2, 134 ΙΙ, 2, 102 ΙΥ,
14, 54

excitat ΙΥ, 2, 35 .

excolat 1, 7, 59 exculte ΙΥ. 8, 1

excusabilis I, 7, 41 excusabile 111,
9, 33 IV, 11, 1

excuso excusat ΙΙΙ, 2, 21 excuses
ΙΙ, 2, 53 excusari ΙΙΙ, 6, 46

excutias ΙΥ, 8, 17 excutiat ΙΥ, 14.
25 excuteret 111, 4, 36 excusso
ΙΙ, 9, 57

exemplum ΙΥ, 10, 9 exemplo ΙΙ, 23,
89 111, 5, 31 exemplum II, 3, 32
111, 1, 44 ΙΥ, 7, 49 exempla I.

(u 0 exit 11, ,ς56 8, 54 ΙΙΙ, 3, 101 κ
{JV 7412, 1356xeat1'11, 1. 130 ΙΥ,

, exequias Ι, 9, 51

exhausto I, 3, 14 ΙΙΙ, 4, 63

exhibuitI,3, 11 exhibuisse lv ‚‚5
34 exhibuisset 111, 5, ’22

exigis ΙΙΙ, 1, 74; 5, 40 exigit ΙΙ, 5,
6⁰ ΙΙΙ, 1, 73 exacta ΙΥ, 9, 46

exiguum 1114, 5 exiguae Ι, 1, 40
exiguum ΙΙΙ, 3, 1 exiguam ΙΙ, 2,
63 exigufl 1, 1, 78 ΙΥ, 8, 27 ex-
iguas 111, 3, 33 ΙΥ, 9, 122

exiles I, 10, 27

9; exilium 1, 1,61; 2, 104 11, 7, 63 111.

1, 38, 3, 793 7, 34 1134, 50 exilu
Ι, 3, 43, 5, 4 11, 8, 72 111, 3, 23
exilio 111, 1, 10 exiliis 11, 5,8; 9, 66

eximar 11, 2, 108

exora ΙΥ, 8, 22

expediat ΙΙ, 2, 54, 3, 9

expello expulsisl, 8, 7

experiar Ι, 8, 58 experietur 1, 9, 30
experiens ΙΙΙ, 7, 12

expers ΙΥ, 8, 47 expertes Ι, 8, 5

exposuit ΙΙΙ, Ι, 49 exposito ΙΥ,7,28

extitit ΙΙΙ, ’2, 87

exta (acc.) 11, 9, 30

extenuanda Ι, 3, 26

externis (abl.)11‚ 3, 36

extimuere ΙΙΙ, 2, 18

extincti III, 1, 109 extinctum I, 9, 8

